Sample	MeanDepth
1	9.56
2	9.63
3	9.99
4	10.03
5	10.05
6	10.05
7	10.09
8	10.1
9	10.11
10	10.11
11	10.11
12	10.12
13	10.14
14	10.16
15	10.16
16	10.16
17	10.16
18	10.17
19	10.18
20	10.19
21	10.19
22	10.19
23	10.21
24	10.21
25	10.23
26	10.25
27	10.28
28	10.28
29	10.29
30	10.3
31	10.3
32	10.31
33	10.31
34	10.31
35	10.32
36	10.32
37	10.32
38	10.33
39	10.34
40	10.35
41	10.37
42	10.38
43	10.39
44	10.39
45	10.4
46	10.41
47	10.41
48	10.41
49	10.41
50	10.41
51	10.42
52	10.42
53	10.43
54	10.43
55	10.43
56	10.44
57	10.45
58	10.45
59	10.45
60	10.46
61	10.46
62	10.46
63	10.47
64	10.5
65	10.5
66	10.51
67	10.51
68	10.52
69	10.52
70	10.53
71	10.53
72	10.53
73	10.54
74	10.54
75	10.54
76	10.54
77	10.56
78	10.56
79	10.56
80	10.56
81	10.57
82	10.57
83	10.58
84	10.58
85	10.58
86	10.59
87	10.59
88	10.59
89	10.59
90	10.62
91	10.63
92	10.64
93	10.64
94	10.64
95	10.65
96	10.66
97	10.66
98	10.66
99	10.66
100	10.66
101	10.67
102	10.67
103	10.67
104	10.67
105	10.68
106	10.68
107	10.68
108	10.68
109	10.68
110	10.69
111	10.69
112	10.69
113	10.69
114	10.71
115	10.71
116	10.72
117	10.72
118	10.73
119	10.73
120	10.73
121	10.73
122	10.73
123	10.73
124	10.74
125	10.74
126	10.74
127	10.74
128	10.74
129	10.75
130	10.75
131	10.76
132	10.76
133	10.77
134	10.77
135	10.77
136	10.77
137	10.78
138	10.78
139	10.79
140	10.79
141	10.79
142	10.8
143	10.8
144	10.8
145	10.8
146	10.8
147	10.81
148	10.81
149	10.83
150	10.83
151	10.83
152	10.83
153	10.83
154	10.83
155	10.84
156	10.84
157	10.84
158	10.85
159	10.85
160	10.85
161	10.85
162	10.85
163	10.86
164	10.86
165	10.87
166	10.87
167	10.88
168	10.88
169	10.88
170	10.88
171	10.88
172	10.89
173	10.89
174	10.9
175	10.9
176	10.9
177	10.9
178	10.9
179	10.91
180	10.91
181	10.91
182	10.91
183	10.92
184	10.92
185	10.92
186	10.92
187	10.92
188	10.93
189	10.93
190	10.93
191	10.94
192	10.94
193	10.95
194	10.95
195	10.95
196	10.96
197	10.96
198	10.96
199	10.96
200	10.97
201	10.97
202	10.97
203	10.97
204	10.98
205	10.98
206	10.98
207	10.98
208	10.98
209	10.99
210	10.99
211	10.99
212	10.99
213	10.99
214	11
215	11
216	11
217	11.01
218	11.01
219	11.01
220	11.02
221	11.02
222	11.02
223	11.02
224	11.02
225	11.02
226	11.03
227	11.03
228	11.03
229	11.03
230	11.03
231	11.04
232	11.04
233	11.04
234	11.05
235	11.05
236	11.05
237	11.05
238	11.05
239	11.05
240	11.06
241	11.07
242	11.07
243	11.07
244	11.07
245	11.07
246	11.07
247	11.08
248	11.08
249	11.08
250	11.08
251	11.08
252	11.08
253	11.08
254	11.08
255	11.08
256	11.08
257	11.08
258	11.09
259	11.09
260	11.09
261	11.09
262	11.09
263	11.09
264	11.09
265	11.1
266	11.1
267	11.1
268	11.1
269	11.11
270	11.11
271	11.12
272	11.12
273	11.12
274	11.12
275	11.13
276	11.13
277	11.13
278	11.13
279	11.13
280	11.13
281	11.13
282	11.13
283	11.13
284	11.13
285	11.14
286	11.14
287	11.15
288	11.15
289	11.15
290	11.16
291	11.16
292	11.16
293	11.16
294	11.16
295	11.16
296	11.16
297	11.16
298	11.17
299	11.17
300	11.17
301	11.17
302	11.17
303	11.17
304	11.17
305	11.17
306	11.18
307	11.18
308	11.18
309	11.18
310	11.19
311	11.19
312	11.19
313	11.19
314	11.19
315	11.19
316	11.19
317	11.19
318	11.19
319	11.2
320	11.2
321	11.2
322	11.2
323	11.2
324	11.2
325	11.2
326	11.2
327	11.21
328	11.21
329	11.21
330	11.21
331	11.21
332	11.21
333	11.21
334	11.22
335	11.22
336	11.22
337	11.22
338	11.22
339	11.22
340	11.23
341	11.23
342	11.23
343	11.23
344	11.23
345	11.23
346	11.23
347	11.23
348	11.23
349	11.23
350	11.23
351	11.23
352	11.23
353	11.24
354	11.24
355	11.24
356	11.24
357	11.25
358	11.25
359	11.25
360	11.25
361	11.26
362	11.26
363	11.26
364	11.26
365	11.26
366	11.26
367	11.27
368	11.27
369	11.27
370	11.27
371	11.27
372	11.27
373	11.27
374	11.28
375	11.28
376	11.28
377	11.28
378	11.28
379	11.29
380	11.29
381	11.29
382	11.29
383	11.29
384	11.29
385	11.29
386	11.3
387	11.3
388	11.3
389	11.31
390	11.31
391	11.31
392	11.31
393	11.31
394	11.31
395	11.31
396	11.32
397	11.32
398	11.32
399	11.32
400	11.32
401	11.32
402	11.32
403	11.32
404	11.32
405	11.33
406	11.33
407	11.33
408	11.33
409	11.33
410	11.34
411	11.34
412	11.34
413	11.34
414	11.34
415	11.34
416	11.35
417	11.35
418	11.35
419	11.35
420	11.35
421	11.35
422	11.36
423	11.36
424	11.36
425	11.36
426	11.36
427	11.36
428	11.36
429	11.37
430	11.37
431	11.37
432	11.37
433	11.37
434	11.37
435	11.37
436	11.37
437	11.38
438	11.38
439	11.38
440	11.38
441	11.38
442	11.38
443	11.38
444	11.38
445	11.38
446	11.39
447	11.39
448	11.39
449	11.39
450	11.39
451	11.39
452	11.39
453	11.39
454	11.39
455	11.4
456	11.4
457	11.4
458	11.4
459	11.4
460	11.4
461	11.41
462	11.41
463	11.41
464	11.41
465	11.41
466	11.42
467	11.42
468	11.42
469	11.42
470	11.43
471	11.43
472	11.43
473	11.43
474	11.43
475	11.43
476	11.44
477	11.44
478	11.44
479	11.44
480	11.44
481	11.44
482	11.44
483	11.45
484	11.45
485	11.45
486	11.45
487	11.46
488	11.46
489	11.46
490	11.46
491	11.46
492	11.46
493	11.46
494	11.46
495	11.47
496	11.47
497	11.47
498	11.47
499	11.47
500	11.47
501	11.47
502	11.47
503	11.48
504	11.48
505	11.48
506	11.48
507	11.48
508	11.48
509	11.48
510	11.48
511	11.49
512	11.49
513	11.49
514	11.49
515	11.49
516	11.49
517	11.49
518	11.49
519	11.5
520	11.5
521	11.5
522	11.5
523	11.5
524	11.5
525	11.5
526	11.5
527	11.5
528	11.5
529	11.51
530	11.51
531	11.51
532	11.52
533	11.52
534	11.52
535	11.52
536	11.52
537	11.52
538	11.53
539	11.53
540	11.53
541	11.53
542	11.53
543	11.53
544	11.54
545	11.54
546	11.54
547	11.54
548	11.54
549	11.55
550	11.55
551	11.55
552	11.55
553	11.55
554	11.55
555	11.55
556	11.55
557	11.56
558	11.56
559	11.56
560	11.56
561	11.56
562	11.56
563	11.56
564	11.56
565	11.56
566	11.56
567	11.57
568	11.57
569	11.57
570	11.57
571	11.57
572	11.57
573	11.58
574	11.58
575	11.58
576	11.58
577	11.58
578	11.58
579	11.58
580	11.59
581	11.59
582	11.59
583	11.59
584	11.59
585	11.59
586	11.59
587	11.59
588	11.59
589	11.59
590	11.59
591	11.59
592	11.6
593	11.6
594	11.6
595	11.6
596	11.6
597	11.6
598	11.6
599	11.6
600	11.6
601	11.6
602	11.6
603	11.6
604	11.6
605	11.61
606	11.61
607	11.61
608	11.61
609	11.61
610	11.62
611	11.62
612	11.62
613	11.62
614	11.62
615	11.62
616	11.62
617	11.62
618	11.62
619	11.62
620	11.62
621	11.62
622	11.62
623	11.62
624	11.63
625	11.63
626	11.63
627	11.63
628	11.63
629	11.64
630	11.64
631	11.64
632	11.64
633	11.64
634	11.64
635	11.65
636	11.65
637	11.65
638	11.65
639	11.65
640	11.66
641	11.66
642	11.66
643	11.66
644	11.66
645	11.66
646	11.66
647	11.67
648	11.67
649	11.67
650	11.67
651	11.67
652	11.68
653	11.68
654	11.68
655	11.68
656	11.68
657	11.68
658	11.68
659	11.68
660	11.68
661	11.68
662	11.68
663	11.68
664	11.69
665	11.69
666	11.69
667	11.69
668	11.69
669	11.69
670	11.69
671	11.69
672	11.69
673	11.69
674	11.69
675	11.7
676	11.7
677	11.7
678	11.7
679	11.7
680	11.7
681	11.7
682	11.7
683	11.7
684	11.7
685	11.7
686	11.7
687	11.7
688	11.71
689	11.71
690	11.71
691	11.71
692	11.71
693	11.71
694	11.71
695	11.71
696	11.71
697	11.71
698	11.71
699	11.72
700	11.72
701	11.72
702	11.72
703	11.72
704	11.72
705	11.73
706	11.73
707	11.73
708	11.73
709	11.73
710	11.73
711	11.73
712	11.73
713	11.74
714	11.74
715	11.74
716	11.74
717	11.74
718	11.74
719	11.74
720	11.74
721	11.75
722	11.75
723	11.75
724	11.75
725	11.75
726	11.75
727	11.75
728	11.75
729	11.75
730	11.75
731	11.75
732	11.75
733	11.75
734	11.75
735	11.76
736	11.76
737	11.76
738	11.76
739	11.76
740	11.76
741	11.76
742	11.77
743	11.77
744	11.77
745	11.77
746	11.77
747	11.77
748	11.77
749	11.77
750	11.77
751	11.77
752	11.77
753	11.78
754	11.78
755	11.78
756	11.78
757	11.78
758	11.78
759	11.78
760	11.79
761	11.79
762	11.79
763	11.79
764	11.79
765	11.79
766	11.79
767	11.79
768	11.79
769	11.79
770	11.79
771	11.8
772	11.8
773	11.8
774	11.8
775	11.8
776	11.8
777	11.8
778	11.8
779	11.8
780	11.8
781	11.8
782	11.81
783	11.81
784	11.81
785	11.81
786	11.81
787	11.81
788	11.82
789	11.82
790	11.82
791	11.82
792	11.82
793	11.82
794	11.82
795	11.82
796	11.82
797	11.83
798	11.83
799	11.83
800	11.83
801	11.83
802	11.83
803	11.83
804	11.83
805	11.83
806	11.84
807	11.84
808	11.84
809	11.84
810	11.84
811	11.84
812	11.84
813	11.84
814	11.84
815	11.84
816	11.85
817	11.85
818	11.85
819	11.85
820	11.85
821	11.85
822	11.85
823	11.85
824	11.86
825	11.86
826	11.86
827	11.86
828	11.86
829	11.86
830	11.86
831	11.86
832	11.86
833	11.86
834	11.86
835	11.87
836	11.87
837	11.87
838	11.87
839	11.87
840	11.87
841	11.87
842	11.87
843	11.88
844	11.88
845	11.88
846	11.88
847	11.89
848	11.89
849	11.89
850	11.89
851	11.89
852	11.89
853	11.89
854	11.89
855	11.9
856	11.9
857	11.9
858	11.9
859	11.9
860	11.9
861	11.9
862	11.9
863	11.9
864	11.9
865	11.9
866	11.9
867	11.9
868	11.9
869	11.91
870	11.91
871	11.91
872	11.91
873	11.91
874	11.91
875	11.91
876	11.91
877	11.91
878	11.91
879	11.91
880	11.92
881	11.92
882	11.92
883	11.92
884	11.92
885	11.92
886	11.92
887	11.92
888	11.92
889	11.92
890	11.93
891	11.93
892	11.93
893	11.93
894	11.93
895	11.93
896	11.93
897	11.93
898	11.93
899	11.93
900	11.93
901	11.93
902	11.94
903	11.94
904	11.94
905	11.94
906	11.94
907	11.94
908	11.95
909	11.95
910	11.95
911	11.95
912	11.95
913	11.95
914	11.95
915	11.95
916	11.95
917	11.95
918	11.95
919	11.96
920	11.96
921	11.96
922	11.96
923	11.96
924	11.96
925	11.96
926	11.96
927	11.97
928	11.97
929	11.97
930	11.97
931	11.97
932	11.97
933	11.97
934	11.97
935	11.97
936	11.97
937	11.97
938	11.97
939	11.98
940	11.98
941	11.98
942	11.98
943	11.98
944	11.98
945	11.98
946	11.98
947	11.98
948	11.98
949	11.98
950	11.98
951	11.98
952	11.98
953	11.99
954	11.99
955	11.99
956	11.99
957	11.99
958	11.99
959	11.99
960	11.99
961	11.99
962	11.99
963	11.99
964	11.99
965	11.99
966	11.99
967	12
968	12
969	12
970	12
971	12
972	12
973	12
974	12.01
975	12.01
976	12.01
977	12.01
978	12.01
979	12.01
980	12.01
981	12.01
982	12.01
983	12.02
984	12.02
985	12.02
986	12.02
987	12.02
988	12.02
989	12.02
990	12.02
991	12.02
992	12.02
993	12.02
994	12.03
995	12.03
996	12.03
997	12.03
998	12.03
999	12.03
1000	12.03
1001	12.03
1002	12.03
1003	12.03
1004	12.04
1005	12.04
1006	12.04
1007	12.04
1008	12.04
1009	12.04
1010	12.04
1011	12.04
1012	12.04
1013	12.04
1014	12.04
1015	12.04
1016	12.05
1017	12.05
1018	12.05
1019	12.05
1020	12.05
1021	12.05
1022	12.05
1023	12.05
1024	12.05
1025	12.05
1026	12.05
1027	12.05
1028	12.05
1029	12.05
1030	12.05
1031	12.05
1032	12.05
1033	12.05
1034	12.06
1035	12.06
1036	12.06
1037	12.06
1038	12.06
1039	12.06
1040	12.06
1041	12.06
1042	12.06
1043	12.06
1044	12.06
1045	12.07
1046	12.07
1047	12.07
1048	12.07
1049	12.07
1050	12.07
1051	12.07
1052	12.07
1053	12.07
1054	12.07
1055	12.07
1056	12.07
1057	12.07
1058	12.07
1059	12.07
1060	12.07
1061	12.07
1062	12.08
1063	12.08
1064	12.08
1065	12.08
1066	12.08
1067	12.08
1068	12.08
1069	12.08
1070	12.08
1071	12.08
1072	12.08
1073	12.09
1074	12.09
1075	12.09
1076	12.09
1077	12.09
1078	12.09
1079	12.09
1080	12.09
1081	12.09
1082	12.09
1083	12.09
1084	12.09
1085	12.09
1086	12.1
1087	12.1
1088	12.1
1089	12.1
1090	12.1
1091	12.1
1092	12.11
1093	12.11
1094	12.11
1095	12.11
1096	12.11
1097	12.11
1098	12.11
1099	12.11
1100	12.11
1101	12.11
1102	12.11
1103	12.11
1104	12.12
1105	12.12
1106	12.12
1107	12.12
1108	12.12
1109	12.12
1110	12.12
1111	12.12
1112	12.12
1113	12.12
1114	12.13
1115	12.13
1116	12.13
1117	12.13
1118	12.13
1119	12.13
1120	12.13
1121	12.13
1122	12.13
1123	12.13
1124	12.13
1125	12.13
1126	12.13
1127	12.13
1128	12.13
1129	12.13
1130	12.13
1131	12.13
1132	12.14
1133	12.14
1134	12.14
1135	12.14
1136	12.14
1137	12.14
1138	12.14
1139	12.14
1140	12.14
1141	12.14
1142	12.14
1143	12.14
1144	12.15
1145	12.15
1146	12.15
1147	12.15
1148	12.15
1149	12.15
1150	12.15
1151	12.15
1152	12.15
1153	12.15
1154	12.15
1155	12.15
1156	12.15
1157	12.15
1158	12.15
1159	12.15
1160	12.16
1161	12.16
1162	12.16
1163	12.16
1164	12.16
1165	12.16
1166	12.16
1167	12.16
1168	12.16
1169	12.17
1170	12.17
1171	12.17
1172	12.17
1173	12.17
1174	12.17
1175	12.17
1176	12.17
1177	12.18
1178	12.18
1179	12.18
1180	12.18
1181	12.18
1182	12.18
1183	12.18
1184	12.18
1185	12.18
1186	12.18
1187	12.18
1188	12.18
1189	12.18
1190	12.18
1191	12.19
1192	12.19
1193	12.19
1194	12.19
1195	12.19
1196	12.19
1197	12.19
1198	12.19
1199	12.19
1200	12.2
1201	12.2
1202	12.2
1203	12.2
1204	12.2
1205	12.2
1206	12.2
1207	12.2
1208	12.2
1209	12.2
1210	12.2
1211	12.21
1212	12.21
1213	12.21
1214	12.21
1215	12.21
1216	12.21
1217	12.21
1218	12.21
1219	12.21
1220	12.21
1221	12.21
1222	12.21
1223	12.21
1224	12.22
1225	12.22
1226	12.22
1227	12.22
1228	12.22
1229	12.22
1230	12.22
1231	12.22
1232	12.22
1233	12.23
1234	12.23
1235	12.23
1236	12.23
1237	12.23
1238	12.23
1239	12.23
1240	12.23
1241	12.23
1242	12.23
1243	12.23
1244	12.23
1245	12.23
1246	12.24
1247	12.24
1248	12.24
1249	12.24
1250	12.24
1251	12.24
1252	12.24
1253	12.24
1254	12.24
1255	12.24
1256	12.24
1257	12.24
1258	12.25
1259	12.25
1260	12.25
1261	12.25
1262	12.25
1263	12.25
1264	12.25
1265	12.25
1266	12.26
1267	12.26
1268	12.26
1269	12.26
1270	12.26
1271	12.26
1272	12.26
1273	12.26
1274	12.26
1275	12.26
1276	12.26
1277	12.26
1278	12.26
1279	12.26
1280	12.26
1281	12.26
1282	12.26
1283	12.26
1284	12.26
1285	12.27
1286	12.27
1287	12.27
1288	12.27
1289	12.27
1290	12.27
1291	12.27
1292	12.27
1293	12.27
1294	12.27
1295	12.27
1296	12.27
1297	12.28
1298	12.28
1299	12.28
1300	12.28
1301	12.28
1302	12.28
1303	12.28
1304	12.28
1305	12.29
1306	12.29
1307	12.29
1308	12.29
1309	12.29
1310	12.29
1311	12.3
1312	12.3
1313	12.3
1314	12.3
1315	12.3
1316	12.3
1317	12.3
1318	12.3
1319	12.3
1320	12.3
1321	12.3
1322	12.3
1323	12.3
1324	12.3
1325	12.31
1326	12.31
1327	12.31
1328	12.31
1329	12.31
1330	12.31
1331	12.31
1332	12.31
1333	12.31
1334	12.31
1335	12.31
1336	12.31
1337	12.31
1338	12.32
1339	12.32
1340	12.32
1341	12.32
1342	12.32
1343	12.32
1344	12.32
1345	12.32
1346	12.32
1347	12.32
1348	12.32
1349	12.32
1350	12.32
1351	12.33
1352	12.33
1353	12.33
1354	12.33
1355	12.33
1356	12.33
1357	12.33
1358	12.33
1359	12.33
1360	12.33
1361	12.34
1362	12.34
1363	12.34
1364	12.34
1365	12.34
1366	12.34
1367	12.34
1368	12.34
1369	12.34
1370	12.34
1371	12.34
1372	12.35
1373	12.35
1374	12.35
1375	12.35
1376	12.35
1377	12.35
1378	12.35
1379	12.35
1380	12.35
1381	12.35
1382	12.35
1383	12.35
1384	12.35
1385	12.36
1386	12.36
1387	12.36
1388	12.36
1389	12.36
1390	12.36
1391	12.36
1392	12.36
1393	12.37
1394	12.37
1395	12.37
1396	12.37
1397	12.37
1398	12.37
1399	12.37
1400	12.37
1401	12.37
1402	12.37
1403	12.37
1404	12.37
1405	12.38
1406	12.38
1407	12.38
1408	12.38
1409	12.38
1410	12.38
1411	12.38
1412	12.38
1413	12.39
1414	12.39
1415	12.39
1416	12.39
1417	12.39
1418	12.39
1419	12.39
1420	12.39
1421	12.39
1422	12.39
1423	12.39
1424	12.4
1425	12.4
1426	12.4
1427	12.4
1428	12.4
1429	12.4
1430	12.4
1431	12.4
1432	12.41
1433	12.41
1434	12.41
1435	12.41
1436	12.41
1437	12.41
1438	12.41
1439	12.41
1440	12.41
1441	12.41
1442	12.41
1443	12.41
1444	12.42
1445	12.42
1446	12.42
1447	12.42
1448	12.42
1449	12.42
1450	12.42
1451	12.42
1452	12.42
1453	12.42
1454	12.42
1455	12.42
1456	12.42
1457	12.42
1458	12.43
1459	12.43
1460	12.43
1461	12.43
1462	12.43
1463	12.43
1464	12.43
1465	12.43
1466	12.43
1467	12.43
1468	12.43
1469	12.43
1470	12.43
1471	12.43
1472	12.44
1473	12.44
1474	12.44
1475	12.44
1476	12.44
1477	12.44
1478	12.44
1479	12.44
1480	12.44
1481	12.44
1482	12.44
1483	12.44
1484	12.44
1485	12.44
1486	12.44
1487	12.44
1488	12.44
1489	12.44
1490	12.45
1491	12.45
1492	12.45
1493	12.45
1494	12.45
1495	12.45
1496	12.45
1497	12.45
1498	12.45
1499	12.45
1500	12.46
1501	12.46
1502	12.46
1503	12.46
1504	12.46
1505	12.46
1506	12.47
1507	12.47
1508	12.47
1509	12.47
1510	12.47
1511	12.47
1512	12.47
1513	12.47
1514	12.48
1515	12.48
1516	12.48
1517	12.48
1518	12.48
1519	12.48
1520	12.49
1521	12.49
1522	12.49
1523	12.49
1524	12.49
1525	12.49
1526	12.49
1527	12.49
1528	12.49
1529	12.49
1530	12.5
1531	12.5
1532	12.5
1533	12.5
1534	12.5
1535	12.5
1536	12.5
1537	12.5
1538	12.51
1539	12.51
1540	12.51
1541	12.51
1542	12.51
1543	12.51
1544	12.51
1545	12.51
1546	12.51
1547	12.51
1548	12.51
1549	12.51
1550	12.51
1551	12.51
1552	12.51
1553	12.51
1554	12.52
1555	12.52
1556	12.52
1557	12.52
1558	12.52
1559	12.52
1560	12.52
1561	12.52
1562	12.52
1563	12.52
1564	12.52
1565	12.53
1566	12.53
1567	12.53
1568	12.53
1569	12.53
1570	12.53
1571	12.53
1572	12.53
1573	12.53
1574	12.53
1575	12.53
1576	12.53
1577	12.53
1578	12.54
1579	12.54
1580	12.54
1581	12.54
1582	12.54
1583	12.54
1584	12.54
1585	12.54
1586	12.54
1587	12.54
1588	12.54
1589	12.55
1590	12.55
1591	12.55
1592	12.55
1593	12.55
1594	12.55
1595	12.55
1596	12.56
1597	12.56
1598	12.56
1599	12.56
1600	12.56
1601	12.56
1602	12.56
1603	12.56
1604	12.56
1605	12.56
1606	12.56
1607	12.56
1608	12.56
1609	12.56
1610	12.57
1611	12.57
1612	12.57
1613	12.57
1614	12.57
1615	12.57
1616	12.57
1617	12.57
1618	12.57
1619	12.57
1620	12.57
1621	12.57
1622	12.57
1623	12.57
1624	12.57
1625	12.57
1626	12.57
1627	12.57
1628	12.58
1629	12.58
1630	12.58
1631	12.58
1632	12.58
1633	12.58
1634	12.58
1635	12.58
1636	12.58
1637	12.58
1638	12.58
1639	12.59
1640	12.59
1641	12.59
1642	12.59
1643	12.59
1644	12.59
1645	12.59
1646	12.59
1647	12.59
1648	12.6
1649	12.6
1650	12.6
1651	12.6
1652	12.6
1653	12.6
1654	12.6
1655	12.61
1656	12.61
1657	12.61
1658	12.61
1659	12.61
1660	12.61
1661	12.62
1662	12.62
1663	12.62
1664	12.62
1665	12.62
1666	12.63
1667	12.63
1668	12.63
1669	12.63
1670	12.63
1671	12.63
1672	12.63
1673	12.63
1674	12.63
1675	12.63
1676	12.63
1677	12.63
1678	12.63
1679	12.63
1680	12.63
1681	12.63
1682	12.64
1683	12.64
1684	12.64
1685	12.64
1686	12.64
1687	12.64
1688	12.64
1689	12.65
1690	12.65
1691	12.65
1692	12.65
1693	12.65
1694	12.65
1695	12.66
1696	12.66
1697	12.66
1698	12.66
1699	12.66
1700	12.66
1701	12.66
1702	12.66
1703	12.66
1704	12.66
1705	12.67
1706	12.67
1707	12.67
1708	12.67
1709	12.67
1710	12.67
1711	12.67
1712	12.67
1713	12.67
1714	12.67
1715	12.67
1716	12.68
1717	12.68
1718	12.68
1719	12.68
1720	12.68
1721	12.68
1722	12.68
1723	12.69
1724	12.69
1725	12.69
1726	12.69
1727	12.69
1728	12.69
1729	12.69
1730	12.69
1731	12.69
1732	12.69
1733	12.7
1734	12.7
1735	12.7
1736	12.7
1737	12.7
1738	12.7
1739	12.7
1740	12.7
1741	12.7
1742	12.71
1743	12.71
1744	12.71
1745	12.71
1746	12.72
1747	12.72
1748	12.72
1749	12.72
1750	12.72
1751	12.72
1752	12.73
1753	12.73
1754	12.73
1755	12.73
1756	12.73
1757	12.73
1758	12.73
1759	12.73
1760	12.73
1761	12.73
1762	12.74
1763	12.74
1764	12.74
1765	12.74
1766	12.74
1767	12.75
1768	12.75
1769	12.75
1770	12.75
1771	12.75
1772	12.75
1773	12.76
1774	12.76
1775	12.76
1776	12.76
1777	12.76
1778	12.76
1779	12.76
1780	12.76
1781	12.76
1782	12.77
1783	12.77
1784	12.77
1785	12.77
1786	12.77
1787	12.77
1788	12.77
1789	12.78
1790	12.78
1791	12.78
1792	12.78
1793	12.78
1794	12.78
1795	12.79
1796	12.79
1797	12.79
1798	12.79
1799	12.79
1800	12.79
1801	12.79
1802	12.79
1803	12.8
1804	12.8
1805	12.8
1806	12.8
1807	12.8
1808	12.8
1809	12.8
1810	12.8
1811	12.81
1812	12.81
1813	12.81
1814	12.81
1815	12.81
1816	12.81
1817	12.82
1818	12.82
1819	12.82
1820	12.82
1821	12.82
1822	12.82
1823	12.82
1824	12.82
1825	12.82
1826	12.82
1827	12.82
1828	12.82
1829	12.83
1830	12.83
1831	12.83
1832	12.83
1833	12.83
1834	12.83
1835	12.83
1836	12.83
1837	12.84
1838	12.84
1839	12.84
1840	12.84
1841	12.84
1842	12.84
1843	12.84
1844	12.84
1845	12.84
1846	12.84
1847	12.84
1848	12.84
1849	12.85
1850	12.85
1851	12.85
1852	12.85
1853	12.85
1854	12.85
1855	12.85
1856	12.85
1857	12.85
1858	12.85
1859	12.86
1860	12.86
1861	12.86
1862	12.86
1863	12.86
1864	12.86
1865	12.86
1866	12.86
1867	12.86
1868	12.86
1869	12.87
1870	12.87
1871	12.87
1872	12.87
1873	12.87
1874	12.87
1875	12.87
1876	12.87
1877	12.87
1878	12.88
1879	12.88
1880	12.88
1881	12.88
1882	12.88
1883	12.88
1884	12.88
1885	12.88
1886	12.88
1887	12.89
1888	12.89
1889	12.89
1890	12.89
1891	12.89
1892	12.89
1893	12.89
1894	12.89
1895	12.89
1896	12.89
1897	12.89
1898	12.89
1899	12.9
1900	12.9
1901	12.9
1902	12.9
1903	12.9
1904	12.9
1905	12.9
1906	12.9
1907	12.9
1908	12.9
1909	12.9
1910	12.9
1911	12.9
1912	12.91
1913	12.91
1914	12.91
1915	12.91
1916	12.91
1917	12.91
1918	12.91
1919	12.92
1920	12.92
1921	12.92
1922	12.92
1923	12.92
1924	12.92
1925	12.92
1926	12.92
1927	12.93
1928	12.93
1929	12.93
1930	12.93
1931	12.93
1932	12.93
1933	12.93
1934	12.93
1935	12.93
1936	12.93
1937	12.93
1938	12.93
1939	12.93
1940	12.94
1941	12.94
1942	12.94
1943	12.94
1944	12.94
1945	12.94
1946	12.94
1947	12.94
1948	12.95
1949	12.95
1950	12.95
1951	12.95
1952	12.96
1953	12.96
1954	12.96
1955	12.96
1956	12.96
1957	12.97
1958	12.97
1959	12.97
1960	12.97
1961	12.97
1962	12.97
1963	12.97
1964	12.97
1965	12.97
1966	12.97
1967	12.97
1968	12.97
1969	12.98
1970	12.98
1971	12.98
1972	12.98
1973	12.98
1974	12.98
1975	12.98
1976	12.98
1977	12.98
1978	12.98
1979	12.98
1980	12.99
1981	12.99
1982	12.99
1983	12.99
1984	12.99
1985	12.99
1986	12.99
1987	12.99
1988	12.99
1989	12.99
1990	12.99
1991	12.99
1992	12.99
1993	13
1994	13
1995	13
1996	13
1997	13
1998	13
1999	13
2000	13
2001	13
2002	13.01
2003	13.01
2004	13.01
2005	13.01
2006	13.01
2007	13.01
2008	13.01
2009	13.01
2010	13.01
2011	13.02
2012	13.02
2013	13.02
2014	13.02
2015	13.02
2016	13.02
2017	13.02
2018	13.02
2019	13.02
2020	13.02
2021	13.03
2022	13.03
2023	13.03
2024	13.03
2025	13.03
2026	13.03
2027	13.03
2028	13.03
2029	13.03
2030	13.04
2031	13.04
2032	13.04
2033	13.04
2034	13.04
2035	13.04
2036	13.04
2037	13.05
2038	13.05
2039	13.05
2040	13.05
2041	13.05
2042	13.05
2043	13.05
2044	13.05
2045	13.05
2046	13.06
2047	13.06
2048	13.06
2049	13.06
2050	13.06
2051	13.06
2052	13.06
2053	13.06
2054	13.06
2055	13.07
2056	13.07
2057	13.07
2058	13.07
2059	13.07
2060	13.07
2061	13.07
2062	13.07
2063	13.07
2064	13.08
2065	13.08
2066	13.08
2067	13.08
2068	13.08
2069	13.08
2070	13.08
2071	13.08
2072	13.09
2073	13.09
2074	13.09
2075	13.09
2076	13.09
2077	13.09
2078	13.09
2079	13.09
2080	13.09
2081	13.1
2082	13.1
2083	13.1
2084	13.1
2085	13.1
2086	13.1
2087	13.1
2088	13.1
2089	13.11
2090	13.11
2091	13.11
2092	13.11
2093	13.11
2094	13.11
2095	13.11
2096	13.11
2097	13.11
2098	13.11
2099	13.12
2100	13.12
2101	13.12
2102	13.12
2103	13.12
2104	13.12
2105	13.12
2106	13.12
2107	13.12
2108	13.12
2109	13.12
2110	13.13
2111	13.13
2112	13.13
2113	13.13
2114	13.13
2115	13.13
2116	13.14
2117	13.14
2118	13.14
2119	13.14
2120	13.14
2121	13.14
2122	13.14
2123	13.14
2124	13.15
2125	13.15
2126	13.15
2127	13.15
2128	13.15
2129	13.15
2130	13.15
2131	13.15
2132	13.15
2133	13.15
2134	13.15
2135	13.15
2136	13.15
2137	13.15
2138	13.16
2139	13.16
2140	13.16
2141	13.16
2142	13.16
2143	13.16
2144	13.16
2145	13.16
2146	13.16
2147	13.16
2148	13.17
2149	13.17
2150	13.17
2151	13.17
2152	13.17
2153	13.17
2154	13.17
2155	13.17
2156	13.17
2157	13.18
2158	13.18
2159	13.18
2160	13.18
2161	13.18
2162	13.18
2163	13.18
2164	13.19
2165	13.19
2166	13.19
2167	13.19
2168	13.19
2169	13.2
2170	13.2
2171	13.2
2172	13.2
2173	13.2
2174	13.2
2175	13.2
2176	13.2
2177	13.21
2178	13.21
2179	13.21
2180	13.21
2181	13.21
2182	13.21
2183	13.21
2184	13.21
2185	13.21
2186	13.22
2187	13.22
2188	13.22
2189	13.22
2190	13.22
2191	13.22
2192	13.22
2193	13.22
2194	13.22
2195	13.22
2196	13.22
2197	13.22
2198	13.22
2199	13.22
2200	13.22
2201	13.23
2202	13.23
2203	13.23
2204	13.23
2205	13.23
2206	13.23
2207	13.23
2208	13.23
2209	13.23
2210	13.23
2211	13.24
2212	13.24
2213	13.24
2214	13.24
2215	13.25
2216	13.25
2217	13.25
2218	13.25
2219	13.25
2220	13.25
2221	13.25
2222	13.26
2223	13.26
2224	13.26
2225	13.26
2226	13.26
2227	13.26
2228	13.26
2229	13.26
2230	13.26
2231	13.26
2232	13.26
2233	13.27
2234	13.27
2235	13.27
2236	13.27
2237	13.27
2238	13.27
2239	13.27
2240	13.27
2241	13.27
2242	13.27
2243	13.28
2244	13.28
2245	13.28
2246	13.28
2247	13.28
2248	13.28
2249	13.29
2250	13.29
2251	13.29
2252	13.29
2253	13.29
2254	13.29
2255	13.29
2256	13.3
2257	13.3
2258	13.3
2259	13.3
2260	13.3
2261	13.3
2262	13.3
2263	13.31
2264	13.31
2265	13.31
2266	13.31
2267	13.31
2268	13.31
2269	13.32
2270	13.32
2271	13.32
2272	13.32
2273	13.32
2274	13.32
2275	13.32
2276	13.32
2277	13.33
2278	13.33
2279	13.33
2280	13.33
2281	13.33
2282	13.33
2283	13.33
2284	13.33
2285	13.33
2286	13.34
2287	13.34
2288	13.34
2289	13.34
2290	13.34
2291	13.34
2292	13.34
2293	13.34
2294	13.34
2295	13.35
2296	13.35
2297	13.35
2298	13.35
2299	13.35
2300	13.35
2301	13.35
2302	13.35
2303	13.36
2304	13.36
2305	13.36
2306	13.36
2307	13.36
2308	13.36
2309	13.36
2310	13.36
2311	13.37
2312	13.37
2313	13.37
2314	13.37
2315	13.37
2316	13.37
2317	13.37
2318	13.37
2319	13.37
2320	13.37
2321	13.37
2322	13.38
2323	13.38
2324	13.38
2325	13.38
2326	13.38
2327	13.38
2328	13.38
2329	13.38
2330	13.38
2331	13.39
2332	13.39
2333	13.39
2334	13.39
2335	13.39
2336	13.39
2337	13.39
2338	13.39
2339	13.39
2340	13.39
2341	13.39
2342	13.4
2343	13.4
2344	13.4
2345	13.4
2346	13.4
2347	13.4
2348	13.4
2349	13.4
2350	13.4
2351	13.4
2352	13.4
2353	13.4
2354	13.41
2355	13.41
2356	13.41
2357	13.41
2358	13.41
2359	13.41
2360	13.41
2361	13.41
2362	13.41
2363	13.42
2364	13.42
2365	13.42
2366	13.42
2367	13.42
2368	13.42
2369	13.42
2370	13.42
2371	13.42
2372	13.42
2373	13.42
2374	13.42
2375	13.43
2376	13.43
2377	13.44
2378	13.44
2379	13.44
2380	13.44
2381	13.44
2382	13.44
2383	13.44
2384	13.44
2385	13.44
2386	13.45
2387	13.45
2388	13.45
2389	13.45
2390	13.45
2391	13.45
2392	13.46
2393	13.46
2394	13.46
2395	13.46
2396	13.46
2397	13.46
2398	13.46
2399	13.47
2400	13.47
2401	13.47
2402	13.47
2403	13.47
2404	13.47
2405	13.47
2406	13.47
2407	13.47
2408	13.47
2409	13.47
2410	13.47
2411	13.47
2412	13.47
2413	13.48
2414	13.48
2415	13.48
2416	13.48
2417	13.48
2418	13.48
2419	13.48
2420	13.48
2421	13.48
2422	13.48
2423	13.49
2424	13.49
2425	13.49
2426	13.49
2427	13.49
2428	13.49
2429	13.49
2430	13.49
2431	13.49
2432	13.49
2433	13.49
2434	13.5
2435	13.5
2436	13.5
2437	13.5
2438	13.5
2439	13.5
2440	13.51
2441	13.51
2442	13.51
2443	13.51
2444	13.51
2445	13.51
2446	13.51
2447	13.51
2448	13.51
2449	13.52
2450	13.52
2451	13.52
2452	13.52
2453	13.52
2454	13.52
2455	13.52
2456	13.52
2457	13.52
2458	13.53
2459	13.53
2460	13.53
2461	13.53
2462	13.53
2463	13.53
2464	13.53
2465	13.53
2466	13.53
2467	13.53
2468	13.53
2469	13.53
2470	13.54
2471	13.54
2472	13.54
2473	13.54
2474	13.54
2475	13.54
2476	13.54
2477	13.54
2478	13.54
2479	13.54
2480	13.55
2481	13.55
2482	13.55
2483	13.55
2484	13.55
2485	13.56
2486	13.56
2487	13.56
2488	13.56
2489	13.56
2490	13.56
2491	13.56
2492	13.56
2493	13.56
2494	13.57
2495	13.57
2496	13.57
2497	13.57
2498	13.57
2499	13.57
2500	13.57
2501	13.57
2502	13.57
2503	13.57
2504	13.57
2505	13.57
2506	13.57
2507	13.57
2508	13.57
2509	13.58
2510	13.58
2511	13.58
2512	13.58
2513	13.58
2514	13.58
2515	13.58
2516	13.58
2517	13.58
2518	13.58
2519	13.58
2520	13.58
2521	13.58
2522	13.59
2523	13.59
2524	13.59
2525	13.59
2526	13.59
2527	13.59
2528	13.59
2529	13.6
2530	13.6
2531	13.6
2532	13.6
2533	13.6
2534	13.6
2535	13.6
2536	13.61
2537	13.61
2538	13.61
2539	13.61
2540	13.61
2541	13.61
2542	13.61
2543	13.61
2544	13.61
2545	13.61
2546	13.61
2547	13.62
2548	13.62
2549	13.62
2550	13.63
2551	13.63
2552	13.63
2553	13.63
2554	13.63
2555	13.63
2556	13.63
2557	13.64
2558	13.64
2559	13.64
2560	13.65
2561	13.65
2562	13.65
2563	13.65
2564	13.65
2565	13.65
2566	13.65
2567	13.65
2568	13.65
2569	13.65
2570	13.66
2571	13.66
2572	13.66
2573	13.66
2574	13.66
2575	13.66
2576	13.67
2577	13.67
2578	13.67
2579	13.67
2580	13.67
2581	13.68
2582	13.68
2583	13.68
2584	13.68
2585	13.68
2586	13.68
2587	13.68
2588	13.68
2589	13.68
2590	13.68
2591	13.68
2592	13.68
2593	13.69
2594	13.69
2595	13.69
2596	13.69
2597	13.69
2598	13.69
2599	13.69
2600	13.7
2601	13.7
2602	13.7
2603	13.7
2604	13.7
2605	13.7
2606	13.71
2607	13.71
2608	13.71
2609	13.71
2610	13.71
2611	13.71
2612	13.71
2613	13.71
2614	13.71
2615	13.71
2616	13.71
2617	13.72
2618	13.72
2619	13.72
2620	13.72
2621	13.72
2622	13.72
2623	13.72
2624	13.72
2625	13.72
2626	13.72
2627	13.73
2628	13.73
2629	13.73
2630	13.73
2631	13.73
2632	13.73
2633	13.73
2634	13.73
2635	13.73
2636	13.73
2637	13.73
2638	13.74
2639	13.74
2640	13.74
2641	13.74
2642	13.74
2643	13.74
2644	13.74
2645	13.74
2646	13.74
2647	13.75
2648	13.75
2649	13.75
2650	13.75
2651	13.75
2652	13.75
2653	13.75
2654	13.75
2655	13.75
2656	13.75
2657	13.75
2658	13.75
2659	13.76
2660	13.76
2661	13.76
2662	13.76
2663	13.76
2664	13.76
2665	13.76
2666	13.76
2667	13.76
2668	13.77
2669	13.77
2670	13.77
2671	13.77
2672	13.77
2673	13.77
2674	13.77
2675	13.77
2676	13.77
2677	13.78
2678	13.78
2679	13.78
2680	13.78
2681	13.78
2682	13.78
2683	13.78
2684	13.78
2685	13.78
2686	13.79
2687	13.79
2688	13.79
2689	13.79
2690	13.79
2691	13.79
2692	13.79
2693	13.79
2694	13.79
2695	13.8
2696	13.8
2697	13.8
2698	13.8
2699	13.8
2700	13.8
2701	13.8
2702	13.8
2703	13.8
2704	13.8
2705	13.8
2706	13.81
2707	13.81
2708	13.81
2709	13.81
2710	13.81
2711	13.81
2712	13.81
2713	13.81
2714	13.82
2715	13.82
2716	13.82
2717	13.82
2718	13.82
2719	13.82
2720	13.82
2721	13.82
2722	13.82
2723	13.82
2724	13.83
2725	13.83
2726	13.83
2727	13.83
2728	13.83
2729	13.83
2730	13.83
2731	13.83
2732	13.84
2733	13.84
2734	13.84
2735	13.84
2736	13.84
2737	13.84
2738	13.84
2739	13.84
2740	13.84
2741	13.85
2742	13.85
2743	13.85
2744	13.85
2745	13.85
2746	13.85
2747	13.86
2748	13.86
2749	13.86
2750	13.86
2751	13.86
2752	13.86
2753	13.86
2754	13.86
2755	13.86
2756	13.87
2757	13.87
2758	13.87
2759	13.87
2760	13.87
2761	13.87
2762	13.87
2763	13.87
2764	13.87
2765	13.87
2766	13.88
2767	13.88
2768	13.88
2769	13.88
2770	13.88
2771	13.89
2772	13.89
2773	13.89
2774	13.89
2775	13.89
2776	13.89
2777	13.89
2778	13.89
2779	13.89
2780	13.89
2781	13.9
2782	13.9
2783	13.9
2784	13.9
2785	13.9
2786	13.9
2787	13.9
2788	13.9
2789	13.9
2790	13.91
2791	13.91
2792	13.91
2793	13.91
2794	13.92
2795	13.92
2796	13.92
2797	13.92
2798	13.93
2799	13.93
2800	13.93
2801	13.93
2802	13.93
2803	13.93
2804	13.93
2805	13.94
2806	13.94
2807	13.94
2808	13.94
2809	13.94
2810	13.94
2811	13.94
2812	13.94
2813	13.94
2814	13.94
2815	13.95
2816	13.95
2817	13.95
2818	13.95
2819	13.95
2820	13.95
2821	13.95
2822	13.95
2823	13.95
2824	13.95
2825	13.95
2826	13.96
2827	13.96
2828	13.96
2829	13.96
2830	13.96
2831	13.97
2832	13.97
2833	13.98
2834	13.98
2835	13.98
2836	13.98
2837	13.98
2838	13.98
2839	13.98
2840	13.98
2841	13.98
2842	13.98
2843	13.98
2844	13.98
2845	13.99
2846	13.99
2847	13.99
2848	13.99
2849	13.99
2850	13.99
2851	13.99
2852	13.99
2853	13.99
2854	14
2855	14
2856	14
2857	14
2858	14.01
2859	14.01
2860	14.01
2861	14.01
2862	14.01
2863	14.01
2864	14.01
2865	14.01
2866	14.01
2867	14.01
2868	14.02
2869	14.02
2870	14.02
2871	14.02
2872	14.02
2873	14.02
2874	14.02
2875	14.02
2876	14.03
2877	14.03
2878	14.03
2879	14.03
2880	14.03
2881	14.03
2882	14.04
2883	14.04
2884	14.04
2885	14.04
2886	14.04
2887	14.04
2888	14.04
2889	14.04
2890	14.04
2891	14.04
2892	14.04
2893	14.05
2894	14.05
2895	14.05
2896	14.05
2897	14.05
2898	14.05
2899	14.05
2900	14.05
2901	14.06
2902	14.06
2903	14.06
2904	14.06
2905	14.06
2906	14.06
2907	14.06
2908	14.06
2909	14.06
2910	14.06
2911	14.06
2912	14.06
2913	14.06
2914	14.07
2915	14.07
2916	14.07
2917	14.07
2918	14.08
2919	14.08
2920	14.08
2921	14.08
2922	14.08
2923	14.08
2924	14.08
2925	14.08
2926	14.08
2927	14.09
2928	14.09
2929	14.09
2930	14.09
2931	14.09
2932	14.09
2933	14.09
2934	14.09
2935	14.1
2936	14.1
2937	14.1
2938	14.1
2939	14.1
2940	14.1
2941	14.1
2942	14.1
2943	14.1
2944	14.1
2945	14.1
2946	14.1
2947	14.11
2948	14.11
2949	14.11
2950	14.12
2951	14.12
2952	14.12
2953	14.12
2954	14.12
2955	14.12
2956	14.12
2957	14.12
2958	14.12
2959	14.13
2960	14.13
2961	14.13
2962	14.13
2963	14.13
2964	14.13
2965	14.13
2966	14.13
2967	14.13
2968	14.13
2969	14.13
2970	14.13
2971	14.14
2972	14.14
2973	14.14
2974	14.14
2975	14.15
2976	14.15
2977	14.15
2978	14.15
2979	14.15
2980	14.15
2981	14.15
2982	14.15
2983	14.15
2984	14.15
2985	14.15
2986	14.16
2987	14.16
2988	14.16
2989	14.16
2990	14.16
2991	14.17
2992	14.17
2993	14.17
2994	14.17
2995	14.17
2996	14.17
2997	14.17
2998	14.17
2999	14.17
3000	14.18
3001	14.18
3002	14.18
3003	14.18
3004	14.18
3005	14.18
3006	14.19
3007	14.19
3008	14.19
3009	14.19
3010	14.19
3011	14.19
3012	14.19
3013	14.19
3014	14.19
3015	14.19
3016	14.19
3017	14.19
3018	14.19
3019	14.2
3020	14.2
3021	14.2
3022	14.2
3023	14.2
3024	14.2
3025	14.2
3026	14.2
3027	14.2
3028	14.2
3029	14.21
3030	14.21
3031	14.21
3032	14.21
3033	14.21
3034	14.21
3035	14.21
3036	14.21
3037	14.21
3038	14.22
3039	14.22
3040	14.22
3041	14.22
3042	14.22
3043	14.23
3044	14.23
3045	14.23
3046	14.23
3047	14.23
3048	14.23
3049	14.23
3050	14.24
3051	14.24
3052	14.24
3053	14.24
3054	14.24
3055	14.24
3056	14.24
3057	14.24
3058	14.24
3059	14.24
3060	14.24
3061	14.25
3062	14.25
3063	14.25
3064	14.25
3065	14.25
3066	14.25
3067	14.26
3068	14.26
3069	14.26
3070	14.26
3071	14.26
3072	14.26
3073	14.27
3074	14.27
3075	14.27
3076	14.27
3077	14.27
3078	14.28
3079	14.28
3080	14.29
3081	14.29
3082	14.29
3083	14.29
3084	14.29
3085	14.29
3086	14.29
3087	14.29
3088	14.29
3089	14.29
3090	14.29
3091	14.29
3092	14.3
3093	14.3
3094	14.3
3095	14.3
3096	14.3
3097	14.3
3098	14.3
3099	14.3
3100	14.3
3101	14.31
3102	14.31
3103	14.31
3104	14.31
3105	14.31
3106	14.32
3107	14.32
3108	14.32
3109	14.32
3110	14.32
3111	14.32
3112	14.33
3113	14.33
3114	14.33
3115	14.33
3116	14.33
3117	14.33
3118	14.33
3119	14.34
3120	14.34
3121	14.34
3122	14.34
3123	14.34
3124	14.34
3125	14.34
3126	14.34
3127	14.35
3128	14.35
3129	14.35
3130	14.35
3131	14.35
3132	14.36
3133	14.36
3134	14.36
3135	14.37
3136	14.37
3137	14.37
3138	14.37
3139	14.37
3140	14.37
3141	14.37
3142	14.38
3143	14.38
3144	14.38
3145	14.38
3146	14.38
3147	14.38
3148	14.38
3149	14.39
3150	14.39
3151	14.39
3152	14.39
3153	14.39
3154	14.39
3155	14.39
3156	14.4
3157	14.4
3158	14.4
3159	14.4
3160	14.4
3161	14.4
3162	14.4
3163	14.4
3164	14.4
3165	14.41
3166	14.41
3167	14.41
3168	14.41
3169	14.41
3170	14.41
3171	14.41
3172	14.41
3173	14.42
3174	14.42
3175	14.42
3176	14.42
3177	14.42
3178	14.42
3179	14.42
3180	14.42
3181	14.42
3182	14.43
3183	14.43
3184	14.43
3185	14.43
3186	14.43
3187	14.43
3188	14.44
3189	14.44
3190	14.44
3191	14.44
3192	14.44
3193	14.44
3194	14.44
3195	14.44
3196	14.45
3197	14.45
3198	14.45
3199	14.45
3200	14.45
3201	14.45
3202	14.45
3203	14.45
3204	14.46
3205	14.46
3206	14.46
3207	14.46
3208	14.46
3209	14.46
3210	14.47
3211	14.47
3212	14.47
3213	14.47
3214	14.47
3215	14.47
3216	14.47
3217	14.48
3218	14.48
3219	14.48
3220	14.48
3221	14.48
3222	14.48
3223	14.49
3224	14.49
3225	14.49
3226	14.49
3227	14.49
3228	14.49
3229	14.5
3230	14.5
3231	14.5
3232	14.5
3233	14.5
3234	14.5
3235	14.5
3236	14.5
3237	14.5
3238	14.51
3239	14.51
3240	14.51
3241	14.51
3242	14.51
3243	14.51
3244	14.51
3245	14.52
3246	14.52
3247	14.52
3248	14.52
3249	14.53
3250	14.53
3251	14.53
3252	14.53
3253	14.53
3254	14.53
3255	14.54
3256	14.54
3257	14.54
3258	14.54
3259	14.55
3260	14.55
3261	14.55
3262	14.55
3263	14.55
3264	14.55
3265	14.56
3266	14.56
3267	14.56
3268	14.56
3269	14.56
3270	14.57
3271	14.57
3272	14.57
3273	14.57
3274	14.57
3275	14.57
3276	14.57
3277	14.57
3278	14.57
3279	14.58
3280	14.58
3281	14.58
3282	14.58
3283	14.58
3284	14.58
3285	14.59
3286	14.59
3287	14.59
3288	14.59
3289	14.59
3290	14.59
3291	14.6
3292	14.6
3293	14.6
3294	14.6
3295	14.6
3296	14.6
3297	14.6
3298	14.61
3299	14.61
3300	14.61
3301	14.61
3302	14.61
3303	14.61
3304	14.61
3305	14.61
3306	14.61
3307	14.62
3308	14.62
3309	14.62
3310	14.62
3311	14.62
3312	14.62
3313	14.62
3314	14.62
3315	14.62
3316	14.63
3317	14.63
3318	14.63
3319	14.63
3320	14.63
3321	14.63
3322	14.64
3323	14.64
3324	14.64
3325	14.64
3326	14.64
3327	14.64
3328	14.64
3329	14.65
3330	14.65
3331	14.65
3332	14.65
3333	14.65
3334	14.66
3335	14.66
3336	14.66
3337	14.66
3338	14.66
3339	14.66
3340	14.66
3341	14.66
3342	14.67
3343	14.67
3344	14.67
3345	14.67
3346	14.67
3347	14.67
3348	14.67
3349	14.68
3350	14.68
3351	14.68
3352	14.68
3353	14.68
3354	14.68
3355	14.68
3356	14.68
3357	14.69
3358	14.69
3359	14.69
3360	14.69
3361	14.69
3362	14.69
3363	14.69
3364	14.69
3365	14.69
3366	14.69
3367	14.69
3368	14.69
3369	14.69
3370	14.7
3371	14.7
3372	14.7
3373	14.7
3374	14.7
3375	14.7
3376	14.7
3377	14.71
3378	14.71
3379	14.71
3380	14.71
3381	14.71
3382	14.71
3383	14.71
3384	14.71
3385	14.72
3386	14.72
3387	14.72
3388	14.72
3389	14.72
3390	14.72
3391	14.72
3392	14.72
3393	14.72
3394	14.72
3395	14.72
3396	14.72
3397	14.73
3398	14.73
3399	14.73
3400	14.73
3401	14.73
3402	14.73
3403	14.74
3404	14.74
3405	14.74
3406	14.74
3407	14.74
3408	14.74
3409	14.74
3410	14.74
3411	14.75
3412	14.75
3413	14.75
3414	14.75
3415	14.75
3416	14.75
3417	14.75
3418	14.76
3419	14.76
3420	14.76
3421	14.76
3422	14.76
3423	14.76
3424	14.76
3425	14.76
3426	14.77
3427	14.77
3428	14.77
3429	14.77
3430	14.77
3431	14.77
3432	14.78
3433	14.78
3434	14.78
3435	14.78
3436	14.78
3437	14.78
3438	14.79
3439	14.79
3440	14.79
3441	14.79
3442	14.79
3443	14.79
3444	14.8
3445	14.8
3446	14.8
3447	14.8
3448	14.8
3449	14.81
3450	14.81
3451	14.81
3452	14.81
3453	14.81
3454	14.81
3455	14.81
3456	14.81
3457	14.82
3458	14.82
3459	14.82
3460	14.82
3461	14.83
3462	14.83
3463	14.83
3464	14.83
3465	14.84
3466	14.84
3467	14.84
3468	14.84
3469	14.84
3470	14.84
3471	14.85
3472	14.85
3473	14.85
3474	14.85
3475	14.85
3476	14.85
3477	14.86
3478	14.86
3479	14.86
3480	14.86
3481	14.87
3482	14.87
3483	14.87
3484	14.88
3485	14.88
3486	14.88
3487	14.88
3488	14.88
3489	14.88
3490	14.88
3491	14.89
3492	14.89
3493	14.89
3494	14.89
3495	14.89
3496	14.89
3497	14.89
3498	14.9
3499	14.9
3500	14.9
3501	14.9
3502	14.9
3503	14.9
3504	14.9
3505	14.9
3506	14.91
3507	14.91
3508	14.91
3509	14.91
3510	14.91
3511	14.91
3512	14.92
3513	14.92
3514	14.92
3515	14.92
3516	14.92
3517	14.93
3518	14.93
3519	14.93
3520	14.93
3521	14.93
3522	14.93
3523	14.94
3524	14.94
3525	14.94
3526	14.94
3527	14.94
3528	14.94
3529	14.94
3530	14.95
3531	14.95
3532	14.95
3533	14.95
3534	14.96
3535	14.96
3536	14.96
3537	14.97
3538	14.97
3539	14.97
3540	14.97
3541	14.97
3542	14.97
3543	14.97
3544	14.97
3545	14.98
3546	14.98
3547	14.98
3548	14.98
3549	14.98
3550	14.99
3551	14.99
3552	14.99
3553	14.99
3554	14.99
3555	14.99
3556	14.99
3557	14.99
3558	14.99
3559	15
3560	15
3561	15.01
3562	15.01
3563	15.01
3564	15.01
3565	15.01
3566	15.02
3567	15.02
3568	15.03
3569	15.03
3570	15.03
3571	15.03
3572	15.03
3573	15.03
3574	15.03
3575	15.03
3576	15.04
3577	15.04
3578	15.04
3579	15.04
3580	15.04
3581	15.04
3582	15.04
3583	15.04
3584	15.05
3585	15.05
3586	15.06
3587	15.06
3588	15.06
3589	15.06
3590	15.06
3591	15.07
3592	15.07
3593	15.07
3594	15.07
3595	15.07
3596	15.07
3597	15.07
3598	15.08
3599	15.08
3600	15.09
3601	15.09
3602	15.1
3603	15.1
3604	15.1
3605	15.1
3606	15.1
3607	15.1
3608	15.1
3609	15.1
3610	15.1
3611	15.1
3612	15.11
3613	15.11
3614	15.12
3615	15.12
3616	15.12
3617	15.12
3618	15.12
3619	15.12
3620	15.13
3621	15.13
3622	15.14
3623	15.14
3624	15.14
3625	15.15
3626	15.15
3627	15.15
3628	15.15
3629	15.15
3630	15.15
3631	15.16
3632	15.16
3633	15.16
3634	15.16
3635	15.16
3636	15.17
3637	15.17
3638	15.17
3639	15.17
3640	15.17
3641	15.17
3642	15.17
3643	15.17
3644	15.17
3645	15.18
3646	15.18
3647	15.18
3648	15.18
3649	15.18
3650	15.18
3651	15.19
3652	15.2
3653	15.2
3654	15.2
3655	15.2
3656	15.21
3657	15.21
3658	15.21
3659	15.21
3660	15.21
3661	15.21
3662	15.22
3663	15.22
3664	15.23
3665	15.23
3666	15.23
3667	15.24
3668	15.25
3669	15.25
3670	15.25
3671	15.25
3672	15.25
3673	15.25
3674	15.26
3675	15.26
3676	15.26
3677	15.26
3678	15.26
3679	15.26
3680	15.27
3681	15.27
3682	15.27
3683	15.28
3684	15.29
3685	15.29
3686	15.29
3687	15.29
3688	15.3
3689	15.3
3690	15.31
3691	15.31
3692	15.31
3693	15.31
3694	15.32
3695	15.32
3696	15.32
3697	15.32
3698	15.32
3699	15.32
3700	15.33
3701	15.33
3702	15.33
3703	15.34
3704	15.34
3705	15.34
3706	15.34
3707	15.34
3708	15.34
3709	15.34
3710	15.35
3711	15.35
3712	15.35
3713	15.35
3714	15.35
3715	15.36
3716	15.36
3717	15.36
3718	15.36
3719	15.36
3720	15.37
3721	15.37
3722	15.37
3723	15.38
3724	15.38
3725	15.38
3726	15.38
3727	15.39
3728	15.39
3729	15.4
3730	15.4
3731	15.4
3732	15.41
3733	15.41
3734	15.42
3735	15.42
3736	15.42
3737	15.42
3738	15.42
3739	15.43
3740	15.43
3741	15.44
3742	15.44
3743	15.44
3744	15.45
3745	15.45
3746	15.45
3747	15.45
3748	15.46
3749	15.46
3750	15.46
3751	15.47
3752	15.47
3753	15.47
3754	15.48
3755	15.48
3756	15.48
3757	15.48
3758	15.48
3759	15.49
3760	15.49
3761	15.5
3762	15.5
3763	15.51
3764	15.51
3765	15.51
3766	15.51
3767	15.52
3768	15.52
3769	15.52
3770	15.52
3771	15.52
3772	15.53
3773	15.53
3774	15.53
3775	15.53
3776	15.54
3777	15.54
3778	15.54
3779	15.54
3780	15.54
3781	15.54
3782	15.55
3783	15.55
3784	15.55
3785	15.55
3786	15.55
3787	15.56
3788	15.56
3789	15.56
3790	15.57
3791	15.57
3792	15.57
3793	15.57
3794	15.58
3795	15.58
3796	15.58
3797	15.59
3798	15.6
3799	15.6
3800	15.6
3801	15.6
3802	15.6
3803	15.6
3804	15.6
3805	15.61
3806	15.61
3807	15.61
3808	15.61
3809	15.62
3810	15.62
3811	15.62
3812	15.62
3813	15.62
3814	15.63
3815	15.63
3816	15.63
3817	15.64
3818	15.64
3819	15.64
3820	15.64
3821	15.64
3822	15.64
3823	15.64
3824	15.65
3825	15.65
3826	15.66
3827	15.66
3828	15.67
3829	15.67
3830	15.67
3831	15.67
3832	15.67
3833	15.67
3834	15.68
3835	15.69
3836	15.69
3837	15.69
3838	15.69
3839	15.69
3840	15.7
3841	15.7
3842	15.7
3843	15.7
3844	15.7
3845	15.7
3846	15.71
3847	15.71
3848	15.71
3849	15.71
3850	15.72
3851	15.72
3852	15.72
3853	15.72
3854	15.72
3855	15.72
3856	15.72
3857	15.73
3858	15.73
3859	15.73
3860	15.73
3861	15.74
3862	15.74
3863	15.74
3864	15.74
3865	15.74
3866	15.74
3867	15.75
3868	15.75
3869	15.75
3870	15.75
3871	15.76
3872	15.77
3873	15.77
3874	15.77
3875	15.78
3876	15.78
3877	15.78
3878	15.78
3879	15.78
3880	15.79
3881	15.79
3882	15.79
3883	15.79
3884	15.79
3885	15.79
3886	15.81
3887	15.81
3888	15.82
3889	15.82
3890	15.82
3891	15.83
3892	15.84
3893	15.84
3894	15.85
3895	15.85
3896	15.85
3897	15.86
3898	15.86
3899	15.86
3900	15.86
3901	15.87
3902	15.87
3903	15.87
3904	15.88
3905	15.88
3906	15.89
3907	15.89
3908	15.89
3909	15.9
3910	15.91
3911	15.91
3912	15.92
3913	15.92
3914	15.93
3915	15.94
3916	15.94
3917	15.94
3918	15.95
3919	15.95
3920	15.95
3921	15.95
3922	15.96
3923	15.96
3924	15.96
3925	15.96
3926	15.97
3927	15.97
3928	15.98
3929	15.98
3930	15.98
3931	15.99
3932	16
3933	16
3934	16
3935	16
3936	16
3937	16.01
3938	16.01
3939	16.01
3940	16.02
3941	16.02
3942	16.02
3943	16.02
3944	16.03
3945	16.03
3946	16.03
3947	16.03
3948	16.04
3949	16.04
3950	16.04
3951	16.04
3952	16.05
3953	16.05
3954	16.06
3955	16.06
3956	16.06
3957	16.06
3958	16.07
3959	16.07
3960	16.07
3961	16.09
3962	16.09
3963	16.09
3964	16.09
3965	16.1
3966	16.11
3967	16.11
3968	16.12
3969	16.12
3970	16.12
3971	16.14
3972	16.14
3973	16.14
3974	16.15
3975	16.16
3976	16.16
3977	16.16
3978	16.17
3979	16.17
3980	16.18
3981	16.18
3982	16.19
3983	16.19
3984	16.19
3985	16.19
3986	16.2
3987	16.21
3988	16.21
3989	16.21
3990	16.21
3991	16.21
3992	16.22
3993	16.24
3994	16.24
3995	16.24
3996	16.25
3997	16.25
3998	16.25
3999	16.27
4000	16.27
4001	16.28
4002	16.28
4003	16.28
4004	16.29
4005	16.29
4006	16.3
4007	16.31
4008	16.32
4009	16.33
4010	16.33
4011	16.34
4012	16.34
4013	16.34
4014	16.36
4015	16.37
4016	16.37
4017	16.38
4018	16.38
4019	16.38
4020	16.39
4021	16.41
4022	16.42
4023	16.42
4024	16.42
4025	16.43
4026	16.43
4027	16.43
4028	16.43
4029	16.45
4030	16.46
4031	16.46
4032	16.47
4033	16.47
4034	16.47
4035	16.47
4036	16.47
4037	16.48
4038	16.48
4039	16.48
4040	16.48
4041	16.49
4042	16.5
4043	16.51
4044	16.52
4045	16.52
4046	16.54
4047	16.55
4048	16.56
4049	16.57
4050	16.57
4051	16.57
4052	16.58
4053	16.58
4054	16.59
4055	16.59
4056	16.59
4057	16.61
4058	16.61
4059	16.62
4060	16.62
4061	16.63
4062	16.63
4063	16.65
4064	16.67
4065	16.67
4066	16.67
4067	16.67
4068	16.67
4069	16.68
4070	16.7
4071	16.72
4072	16.72
4073	16.72
4074	16.72
4075	16.72
4076	16.73
4077	16.74
4078	16.74
4079	16.74
4080	16.74
4081	16.75
4082	16.75
4083	16.75
4084	16.75
4085	16.76
4086	16.76
4087	16.77
4088	16.77
4089	16.78
4090	16.8
4091	16.8
4092	16.8
4093	16.81
4094	16.82
4095	16.82
4096	16.82
4097	16.82
4098	16.83
4099	16.83
4100	16.83
4101	16.83
4102	16.83
4103	16.84
4104	16.86
4105	16.87
4106	16.88
4107	16.88
4108	16.89
4109	16.9
4110	16.9
4111	16.91
4112	16.91
4113	16.91
4114	16.91
4115	16.92
4116	16.92
4117	16.92
4118	16.93
4119	16.94
4120	16.94
4121	16.95
4122	16.96
4123	16.96
4124	16.96
4125	16.96
4126	16.97
4127	16.97
4128	16.98
4129	16.99
4130	16.99
4131	16.99
4132	16.99
4133	17
4134	17.01
4135	17.01
4136	17.02
4137	17.03
4138	17.03
4139	17.03
4140	17.03
4141	17.04
4142	17.05
4143	17.06
4144	17.07
4145	17.09
4146	17.09
4147	17.1
4148	17.1
4149	17.11
4150	17.11
4151	17.12
4152	17.12
4153	17.12
4154	17.12
4155	17.13
4156	17.13
4157	17.13
4158	17.13
4159	17.14
4160	17.15
4161	17.15
4162	17.17
4163	17.18
4164	17.18
4165	17.18
4166	17.18
4167	17.19
4168	17.2
4169	17.21
4170	17.21
4171	17.22
4172	17.22
4173	17.22
4174	17.22
4175	17.23
4176	17.23
4177	17.24
4178	17.24
4179	17.25
4180	17.26
4181	17.26
4182	17.27
4183	17.27
4184	17.28
4185	17.28
4186	17.3
4187	17.3
4188	17.3
4189	17.3
4190	17.31
4191	17.32
4192	17.32
4193	17.32
4194	17.34
4195	17.34
4196	17.35
4197	17.35
4198	17.36
4199	17.36
4200	17.38
4201	17.38
4202	17.39
4203	17.39
4204	17.39
4205	17.41
4206	17.41
4207	17.44
4208	17.45
4209	17.45
4210	17.47
4211	17.48
4212	17.5
4213	17.51
4214	17.52
4215	17.52
4216	17.52
4217	17.53
4218	17.54
4219	17.54
4220	17.54
4221	17.55
4222	17.57
4223	17.58
4224	17.58
4225	17.59
4226	17.59
4227	17.59
4228	17.6
4229	17.61
4230	17.61
4231	17.61
4232	17.62
4233	17.65
4234	17.65
4235	17.65
4236	17.66
4237	17.67
4238	17.67
4239	17.68
4240	17.68
4241	17.69
4242	17.71
4243	17.73
4244	17.77
4245	17.77
4246	17.78
4247	17.79
4248	17.79
4249	17.79
4250	17.79
4251	17.79
4252	17.8
4253	17.8
4254	17.83
4255	17.84
4256	17.85
4257	17.87
4258	17.88
4259	17.9
4260	17.9
4261	17.91
4262	17.91
4263	17.92
4264	17.93
4265	17.94
4266	17.94
4267	17.94
4268	17.94
4269	17.95
4270	17.96
4271	17.97
4272	17.97
4273	18
4274	18
4275	18
4276	18.01
4277	18.01
4278	18.03
4279	18.03
4280	18.04
4281	18.06
4282	18.07
4283	18.07
4284	18.07
4285	18.07
4286	18.08
4287	18.09
4288	18.09
4289	18.15
4290	18.16
4291	18.16
4292	18.17
4293	18.2
4294	18.21
4295	18.22
4296	18.23
4297	18.27
4298	18.29
4299	18.29
4300	18.29
4301	18.32
4302	18.35
4303	18.36
4304	18.37
4305	18.37
4306	18.38
4307	18.39
4308	18.39
4309	18.39
4310	18.4
4311	18.4
4312	18.41
4313	18.43
4314	18.47
4315	18.51
4316	18.51
4317	18.51
4318	18.52
4319	18.53
4320	18.54
4321	18.55
4322	18.57
4323	18.58
4324	18.59
4325	18.59
4326	18.59
4327	18.6
4328	18.6
4329	18.6
4330	18.62
4331	18.64
4332	18.65
4333	18.67
4334	18.67
4335	18.67
4336	18.69
4337	18.7
4338	18.71
4339	18.71
4340	18.72
4341	18.72
4342	18.73
4343	18.76
4344	18.76
4345	18.76
4346	18.78
4347	18.8
4348	18.8
4349	18.81
4350	18.83
4351	18.84
4352	18.85
4353	18.85
4354	18.87
4355	18.88
4356	18.89
4357	18.89
4358	18.9
4359	18.91
4360	18.92
4361	18.94
4362	18.95
4363	18.98
4364	18.99
4365	19.01
4366	19.02
4367	19.02
4368	19.05
4369	19.09
4370	19.09
4371	19.09
4372	19.1
4373	19.1
4374	19.13
4375	19.18
4376	19.18
4377	19.18
4378	19.19
4379	19.22
4380	19.22
4381	19.22
4382	19.23
4383	19.23
4384	19.3
4385	19.3
4386	19.32
4387	19.38
4388	19.4
4389	19.41
4390	19.45
4391	19.48
4392	19.49
4393	19.49
4394	19.5
4395	19.51
4396	19.51
4397	19.52
4398	19.56
4399	19.59
4400	19.6
4401	19.61
4402	19.61
4403	19.65
4404	19.67
4405	19.68
4406	19.69
4407	19.69
4408	19.71
4409	19.73
4410	19.73
4411	19.76
4412	19.78
4413	19.78
4414	19.79
4415	19.85
4416	19.86
4417	19.88
4418	19.9
4419	19.9
4420	19.92
4421	19.92
4422	19.92
4423	19.99
4424	20.01
4425	20.02
4426	20.06
4427	20.09
4428	20.1
4429	20.11
4430	20.18
4431	20.19
4432	20.22
4433	20.23
4434	20.25
4435	20.25
4436	20.33
4437	20.34
4438	20.36
4439	20.37
4440	20.38
4441	20.41
4442	20.42
4443	20.44
4444	20.46
4445	20.5
4446	20.53
4447	20.53
4448	20.57
4449	20.61
4450	20.64
4451	20.69
4452	20.71
4453	20.73
4454	20.73
4455	20.74
4456	20.79
4457	20.8
4458	20.81
4459	20.83
4460	20.84
4461	20.88
4462	20.92
4463	20.93
4464	20.93
4465	20.96
4466	21.02
4467	21.04
4468	21.06
4469	21.1
4470	21.12
4471	21.14
4472	21.26
4473	21.27
4474	21.31
4475	21.46
4476	21.48
4477	21.51
4478	21.59
4479	21.6
4480	21.69
4481	21.76
4482	21.76
4483	21.82
4484	21.85
4485	22.1
4486	22.12
4487	22.13
4488	22.15
4489	22.22
4490	22.28
4491	22.32
4492	22.38
4493	22.39
4494	22.45
4495	22.58
4496	23.01
4497	23.06
4498	23.25
4499	23.29
4500	23.36
4501	23.36
4502	23.38
4503	23.46
4504	23.53
4505	23.72
4506	24.41
4507	25.32
4508	25.44
4509	26.17
4510	32.99
4511	35.44
4512	36.09
4513	36.7
4514	39.97
4515	41.12
4516	41.78
4517	41.8
4518	42.01
4519	42.21
4520	42.34
4521	42.54
4522	42.72
4523	43.53
4524	43.6
4525	43.63
4526	44.55
4527	44.67
4528	44.95
4529	46.96
4530	47.84
4531	49.65
4532	50.42
4533	54.2
4534	54.67
4535	65.22
