Pop	rs78947691G>C	rs148629931C>A	rs12374406T>C	rs1229984C/T	rs1154413G/T	rs3819197C/T	rs2156733T/C	rs4148887A/G	rs9380181A/T	rs671G/A	rs11066280T/A	rs11066015G/A	rs3782886T/C	rs75431978G/A
WBBC-Han	0.27	0.058	0.21	0.71	0.726	0.79	0.764	0.734	0.151	0.239	0.265	0.24	0.242	0.181
WBBC-North	0.154	0.049	0.27	0.645	0.618	0.728	0.681	0.632	0.071	0.154	0.172	0.154	0.154	0.154
WBBC-Central	0.24	0.02	0.31	0.63	0.63	0.69	0.67	0.63	0.13	0.18	0.22	0.19	0.17	0.16
WBBC-South	0.275	0.06	0.205	0.716	0.733	0.795	0.77	0.741	0.156	0.244	0.27	0.246	0.248	0.184
WBBC-Lingnan	0.317	0.079	0.151	0.778	0.833	0.849	0.841	0.849	0.167	0.358	0.365	0.349	0.357	0.143
1KG EAS	0.272	0.062	0.201	0.697	0.726	0.799	0.784	0.734	0.126	0.174	0.216	0.176	0.175	0.146
1KG EAS-CHB	0.214	0.039	0.209	0.709	0.689	0.791	0.757	0.689	0.078	0.16	0.189	0.16	0.155	0.175
1KG EAS-CHS	0.31	0.067	0.152	0.757	0.771	0.848	0.814	0.771	0.148	0.271	0.295	0.281	0.271	0.2
1KG EAS-CDX	0.355	0.081	0.247	0.634	0.737	0.753	0.758	0.731	0.258	0.043	0.134	0.043	0.043	0.113
1KG EAS-JPT	0.144	0.067	0.197	0.731	0.707	0.803	0.812	0.726	0.053	0.24	0.236	0.24	0.25	0.12
1KG EAS-KHV	0.348	0.056	0.207	0.646	0.727	0.793	0.773	0.753	0.106	0.136	0.217	0.136	0.136	0.116
1KG SAS	0.003	0.044	0.501	0.02	0.291	0.499	0.457	0.314	0	0	0.004	0	0	0.062
1KG EUR	0.12	0	0.746	0.029	0.141	0.255	0.26	0.13	0	0	0	0	0	0.003
1KG AMR	0.003	0	0.82	0.058	0.086	0.18	0.184	0.086	0	0.003	0.003	0.003	0.003	0.154
1KG AFR	0	0.001	0.75	0.002	0.011	0.25	0.479	0.014	0	0.002	0.001	0	0	0.002
1KG All	0.058	0.021	0.6	0.159	0.246	0.4	0.451	0.251	0.025	0.036	0.045	0.036	0.036	0.064
